Altitude = 30.05
Lattitude = 35.7743085
Longitude = -78.6650543