Altitude = 40.037
Lattitude = 35.7742668
Longitude = -78.665199