Altitude = 44.937
Lattitude = 35.7742649
Longitude = -78.6651968