Altitude = 49.86
Lattitude = 35.7742642
Longitude = -78.6652868